6974 4644 26099 1970 14054 26661 25412 8963 558 2737 
6974 4644 26099 1970 14054 26661 25412 8963 508 2737 
6974 4644 26099 1970 14054 26661 25412 8963 458 2737 
6974 4644 26099 1970 14054 26661 25412 8963 408 2737 
6974 4644 26099 1970 14054 26661 25412 8963 358 2737 
6974 4644 26099 1970 14054 26661 25412 8963 308 2737 
6974 4644 26099 1970 14054 26661 25412 8963 258 2737 
6974 4644 26099 1970 14054 26661 25412 8963 208 2737 
6974 4644 26099 1970 14054 26661 25412 8963 158 2737 
6974 4644 26099 1970 14054 26661 25412 8963 108 2737 
6974 4644 26099 1970 14054 26661 25412 8963 58 2737 
6974 4644 26099 1970 14054 26661 25412 8963 8 2737 
6974 4644 26099 1970 14054 26661 25412 8963 30559 2737 
6974 4644 26099 1970 14054 26661 25412 8963 30559 2737 
6974 4644 26099 1970 14054 26661 25412 8963 30559 2737 
6974 4644 26099 1970 14054 26661 25412 8963 30559 2737 
6974 4644 26099 1970 14054 26661 25412 8963 30559 2737 
6974 4644 26099 1970 14054 26661 25412 8963 30559 2737 
6974 4644 26099 1970 14054 26661 25412 8963 30559 2737 
6974 4644 26099 1970 14054 26661 25412 8963 30559 2737 
6974 4644 26099 1970 14054 26661 25412 8963 30559 2737 
6974 4644 26099 1970 14054 26661 25412 8963 30559 2737 
6974 4644 26099 1970 14054 26661 25412 8963 30559 2737 
6974 4644 26099 1970 14054 26661 25412 8963 30559 2737 
6974 4644 26099 1970 14054 26661 25412 8963 30559 2737 
6974 4644 26099 1970 14054 26661 25412 8963 30559 2737 
6974 4644 26099 1970 14054 26661 25412 8963 30559 2737 
6974 4644 26099 1970 14054 26661 25412 8963 30559 2737 
6974 4644 26099 1970 14054 26661 25412 8963 30559 2737 
6974 4644 26099 1970 14054 26661 25412 8963 30559 2737 
6974 4644 26099 1970 14054 26661 25412 8963 30559 2737 
6974 4644 26099 1970 14054 26661 25412 8963 30559 2737 
6974 4644 26099 1970 14054 26661 25412 8963 30559 2737 
6974 4644 26099 1970 14054 26661 25412 8963 30559 2737 
6974 4644 26099 1970 14054 26661 25412 8963 30559 2737 
6974 4644 26099 1970 14054 26661 25412 8963 30559 2737 
6974 4644 26099 1970 14054 26661 25412 8963 30559 2737 
6974 4644 26099 1970 14054 26661 25412 8963 30559 2737 
6974 4644 26099 1970 14054 26661 25412 8963 30559 2737 
6974 4644 26099 1970 14054 26661 25412 8963 30559 2737 
